data	parity	throughput
1	1	6151.802958
1	2	3809.409646
1	3	2927.803992
1	4	2416.267245
1	5	2048.079958
1	6	1784.233465
1	7	1509.853716
1	8	1321.797724
1	9	1173.887651
1	10	1068.835951
2	1	8556.246946
2	2	6334.418084
2	3	4842.606161
2	4	4171.123355
2	5	3617.15217
2	6	3198.519795
2	7	2671.112738
2	8	2428.944252
2	9	2200.394146
2	10	2029.181423
3	1	9909.055064
3	2	7827.003975
3	3	6420.629768
3	4	5519.346357
3	5	4833.029633
3	6	4222.187904
3	7	3318.533839
3	8	3130.532168
3	9	2867.162531
3	10	2624.871266
4	1	10860.431678
4	2	8790.133163
4	3	7269.98291
4	4	6557.836557
4	5	5625.922789
4	6	4768.850162
4	7	3733.338419
4	8	3314.465476
4	9	3093.730627
4	10	2798.199901
5	1	11052.898489
5	2	9352.700184
5	3	8251.70155
5	4	6772.79402
5	5	5834.915298
5	6	4911.659058
5	7	3581.249865
5	8	3438.50537
5	9	3218.464325
5	10	2932.25569
6	1	11315.282386
6	2	10043.634485
6	3	8235.223495
6	4	6751.517284
6	5	5689.138418
6	6	4676.592617
6	7	3577.078043
6	8	3404.286548
6	9	3050.242602
6	10	2873.293938
7	1	11668.230103
7	2	9858.071887
7	3	8059.253624
7	4	6495.782643
7	5	5236.762344
7	6	4654.699981
7	7	3821.228659
7	8	3298.862723
7	9	3025.381301
7	10	2639.613159
8	1	11150.543251
8	2	9565.168847
8	3	7668.130636
8	4	6221.60457
8	5	5564.2527
8	6	5259.613335
8	7	3687.296577
8	8	3311.00732
8	9	2913.318647
8	10	2728.024403
9	1	10939.264679
9	2	9193.147749
9	3	7419.102684
9	4	6637.281841
9	5	6162.605234
9	6	5856.927735
9	7	3545.275259
9	8	3157.358826
9	9	3091.630054
9	10	2834.848713
10	1	11002.635689
10	2	8955.179215
10	3	7675.394973
10	4	6989.559777
10	5	6690.371409
10	6	5788.770492
10	7	3599.400945
10	8	3383.082824
10	9	3323.228474
10	10	3324.925808
11	1	10763.304108
11	2	9061.435364
11	3	8164.065857
11	4	7664.15836
11	5	6734.77326
11	6	5510.312365
11	7	3879.945467
11	8	3543.244934
11	9	3400.529266
11	10	3251.768424
12	1	10517.641834
12	2	9395.453772
12	3	8716.731191
12	4	7497.950828
12	5	6411.863091
12	6	5312.986324
12	7	3302.448528
12	8	3411.046397
12	9	3252.849499
12	10	3036.373483
13	1	11016.703837
13	2	10013.032139
13	3	8640.812762
13	4	7014.509609
13	5	6077.282758
13	6	4509.721283
13	7	3417.342933
13	8	3324.266449
13	9	3111.922895
13	10	2850.15497
14	1	11212.886521
14	2	9583.916055
14	3	8204.089753
14	4	6537.907125
14	5	5417.005821
14	6	4539.31201
14	7	3334.929757
14	8	3221.548164
14	9	2858.287461
14	10	2617.304367
15	1	10333.491844
15	2	8908.052027
15	3	7293.547803
15	4	6122.826616
15	5	5314.908268
15	6	4532.743363
15	7	3327.985
15	8	3019.035986
15	9	2809.416541
15	10	2602.68682
16	1	9822.892087
16	2	8419.966528
16	3	7057.973741
16	4	6063.380149
16	5	5249.284391
16	6	4512.236168
16	7	3037.605512
16	8	2961.702352
16	9	2676.313162
16	10	2483.84287
17	1	9607.395906
17	2	7725.292147
17	3	6621.791334
17	4	5688.031378
17	5	4911.212644
17	6	4236.24393
17	7	3027.87188
17	8	2744.219524
17	9	2471.07503
17	10	2369.670919
18	1	9087.026101
18	2	7733.560013
18	3	6373.484831
18	4	5452.674557
18	5	4685.184346
18	6	4154.652166
18	7	2698.14465
18	8	2680.101984
18	9	2390.146038
18	10	2305.126119
19	1	8885.641246
19	2	7533.837666
19	3	6246.552229
19	4	5379.33345
19	5	4767.945764
19	6	4154.53317
19	7	2934.366801
19	8	2708.145239
19	9	2428.010076
19	10	2327.751401
20	1	9045.570207
20	2	7433.211352
20	3	6212.444984
20	4	5467.741771
20	5	4769.96232
20	6	4157.384331
20	7	2857.549864
20	8	2600.186754
20	9	2434.455741
20	10	2242.113149
21	1	8477.183557
21	2	7333.654565
21	3	6199.363851
21	4	5417.010759
21	5	4682.186855
21	6	3994.731871
21	7	2936.617113
21	8	2635.742832
21	9	2447.124795
21	10	2351.267786
22	1	8235.705967
22	2	6930.902105
22	3	5868.923843
22	4	5122.291424
22	5	4454.083425
22	6	3864.748053
22	7	2697.060768
22	8	2491.604847
22	9	2302.687146
22	10	2183.287879
23	1	8233.39351
23	2	6811.559384
23	3	5732.46081
23	4	5044.158248
23	5	4342.629567
23	6	3813.116508
23	7	2584.460849
23	8	2423.894481
23	9	2392.934872
23	10	2294.294568
24	1	7727.904662
24	2	6661.021732
24	3	5595.599306
24	4	4939.264815
24	5	4261.608727
24	6	3666.904918
24	7	2598.192687
24	8	2424.781976
24	9	2386.414159
24	10	2248.124399
25	1	7800.185414
25	2	6560.420849
25	3	5431.47906
25	4	4843.727118
25	5	4211.300678
25	6	3655.384857
25	7	2565.459973
25	8	2455.860538
25	9	2328.717609
25	10	2153.826981
26	1	7413.60106
26	2	6461.962895
26	3	5451.367102
26	4	4751.480164
26	5	4076.142893
26	6	3286.36853
26	7	2561.186691
26	8	2332.711307
26	9	2179.145762
26	10	2132.289155
27	1	7521.444206
27	2	6332.573534
27	3	5357.194912
27	4	4652.17652
27	5	3721.664133
27	6	2705.160067
27	7	2050.163098
27	8	1967.545635
27	9	1878.3939
27	10	1839.109101
28	1	7153.228267
28	2	6258.869507
28	3	5148.742371
28	4	4478.616672
28	5	2808.765127
28	6	1762.421661
28	7	1663.14936
28	8	1531.553894
28	9	1466.0141
28	10	1466.89889
29	1	7280.155613
29	2	6106.426698
29	3	4883.803185
29	4	2900.141964
29	5	1889.891099
29	6	1711.008598
29	7	1588.992432
29	8	1490.364407
29	9	1451.155215
29	10	1365.840287
30	1	6977.206588
30	2	5978.157946
30	3	3157.483621
30	4	2199.385369
30	5	1882.655383
30	6	1699.946527
30	7	1506.67883
30	8	1470.233604
30	9	1424.074162
30	10	1203.139159
31	1	6939.834221
31	2	4118.461609
31	3	2475.248613
31	4	2134.20034
31	5	1857.476848
31	6	1690.197103
31	7	1449.506889
31	8	1415.003697
31	9	1282.77128
31	10	1191.918635
32	1	6610.364493
32	2	3472.05675
32	3	2403.017025
32	4	2104.14555
32	5	1838.528192
32	6	1680.06114
32	7	1415.796313
32	8	1412.124036
32	9	1259.753636
32	10	1209.235659
33	1	5083.793644
33	2	3102.006679
33	3	2374.817822
33	4	2138.697804
33	5	1821.890304
33	6	1682.619677
33	7	1424.47502
33	8	1298.704378
33	9	1279.830017
33	10	1161.659409
34	1	4752.727615
34	2	3056.082784
34	3	2423.642802
34	4	2193.169166
34	5	1801.447022
34	6	1676.062664
34	7	1363.02778
34	8	1332.726039
34	9	1250.927671
34	10	1219.784923
35	1	4278.680794
35	2	3063.813992
35	3	2332.246912
35	4	2239.076453
35	5	1813.702738
35	6	1678.680084
35	7	1362.461991
35	8	1292.991491
35	9	1214.423259
35	10	1164.140993
36	1	4226.173832
36	2	3041.766306
36	3	2345.555697
36	4	2287.742674
36	5	1811.218231
36	6	1683.256045
36	7	1392.878004
36	8	1282.215059
36	9	1201.520502
36	10	1179.102554
37	1	4218.246782
37	2	3124.050366
37	3	2394.384376
37	4	2327.331817
37	5	1809.337921
37	6	1676.193492
37	7	1360.606612
37	8	1285.659708
37	9	1204.255755
37	10	1182.149061
38	1	4224.780842
38	2	3020.502467
38	3	2441.583381
38	4	2325.905168
38	5	1808.676996
38	6	1674.919922
38	7	1390.346234
38	8	1279.000194
38	9	1246.626288
38	10	1165.462896
39	1	4345.135375
39	2	3056.515384
39	3	2494.298876
39	4	2251.418176
39	5	1804.022252
39	6	1684.821107
39	7	1356.153494
39	8	1310.9463
39	9	1248.778807
39	10	1216.618781
40	1	4257.414291
40	2	3021.911495
40	3	2504.320495
40	4	2165.300982
40	5	1801.705066
40	6	1670.130694
40	7	1376.277458
40	8	1310.146029
40	9	1210.534138
40	10	1200.971854
41	1	4204.820994
41	2	2962.195505
41	3	2541.705131
41	4	2188.293315
41	5	1800.87928
41	6	1676.760168
41	7	1388.249873
41	8	1307.015709
41	9	1269.089332
41	10	1221.248576
42	1	4163.219014
42	2	2975.715017
42	3	2492.992692
42	4	2147.400163
42	5	1798.399348
42	6	1660.384677
42	7	1335.905876
42	8	1310.994794
42	9	1261.180601
42	10	1150.062456
43	1	4165.093331
43	2	3006.663625
43	3	2506.604259
43	4	2237.023719
43	5	1806.925959
43	6	1678.984698
43	7	1381.355058
43	8	1311.228311
43	9	1208.726335
43	10	1123.743731
44	1	4174.375351
44	2	2993.855873
44	3	2480.358315
44	4	2235.214661
44	5	1794.826056
44	6	1680.977194
44	7	1387.932191
44	8	1304.302539
44	9	1242.731203
44	10	1148.568604
45	1	4310.913411
45	2	3014.484783
45	3	2484.466267
45	4	2230.885009
45	5	1812.171514
45	6	1687.563711
45	7	1382.426732
45	8	1286.975155
45	9	1247.433633
45	10	1196.087915
46	1	4212.590848
46	2	3051.416727
46	3	2485.0082
46	4	2228.749938
46	5	1804.206657
46	6	1679.69332
46	7	1340.049936
46	8	1274.104065
46	9	1199.103189
46	10	1165.99895
47	1	4318.729052
47	2	3029.673014
47	3	2469.879847
47	4	2252.656804
47	5	1807.600179
47	6	1672.703104
47	7	1342.745164
47	8	1270.975523
47	9	1232.474811
47	10	1153.635956
48	1	4223.933841
48	2	3096.835054
48	3	2544.50982
48	4	2245.076989
48	5	1805.102812
48	6	1697.554147
48	7	1383.965326
48	8	1325.125573
48	9	1198.157649
48	10	1189.294243
49	1	4227.179132
49	2	3153.629439
49	3	2519.650152
49	4	2258.616673
49	5	1804.881712
49	6	1672.786303
49	7	1323.502451
49	8	1271.329371
49	9	1192.226428
49	10	1191.783152
50	1	4295.117892
50	2	3208.324324
50	3	2558.174092
50	4	2278.091524
50	5	1825.93628
50	6	1687.606122
50	7	1394.524362
50	8	1325.302793
50	9	1155.142696
50	10	1158.48592
1	11	977.93636
1	12	887.814979
1	13	810.49605
1	14	763.043961
1	15	703.61427
2	11	1799.477583
2	12	1649.822224
2	13	1501.047803
2	14	1423.784404
2	15	1349.35944
3	11	2374.337163
3	12	2176.715427
3	13	1940.207145
3	14	1857.680236
3	15	1721.69346
4	11	2587.084157
4	12	2460.072865
4	13	2204.876395
4	14	2078.442126
4	15	1960.397477
5	11	2684.566843
5	12	2545.429811
5	13	2211.778977
5	14	2073.580833
5	15	2013.929168
6	11	2667.012938
6	12	2431.097296
6	13	2162.760055
6	14	2033.221413
6	15	1975.728645
7	11	2608.288233
7	12	2497.065713
7	13	2135.818224
7	14	2085.327547
7	15	1920.520862
8	11	2664.439725
8	12	2697.329806
8	13	2379.200603
8	14	2194.408896
8	15	2043.273148
9	11	2894.764239
9	12	2853.275823
9	13	2345.681323
9	14	2196.495546
9	15	2145.910245
10	11	3099.198328
10	12	2863.292034
10	13	2335.022738
10	14	2308.66204
10	15	2233.232173
11	11	2873.906812
11	12	2774.983226
11	13	2288.66061
11	14	2306.504029
11	15	2208.772386
12	11	2782.756622
12	12	2645.66434
12	13	2230.607987
12	14	2228.033643
12	15	2051.849505
13	11	2651.438345
13	12	2483.306441
13	13	2263.016572
13	14	2105.605304
13	15	1969.194788
14	11	2420.171478
14	12	2522.860834
14	13	2137.323604
14	14	2020.887913
14	15	1880.472205
15	11	2596.485863
15	12	2493.181851
15	13	2125.003345
15	14	1970.290179
15	15	1861.282061
16	11	2576.825787
16	12	2494.268783
16	13	2022.515014
16	14	1899.867614
16	15	1814.457005
17	11	2487.810375
17	12	2424.734494
17	13	2000.704689
17	14	1874.718386
17	15	1755.020517
18	11	2415.834831
18	12	2320.066718
18	13	1927.124007
18	14	1960.095645
18	15	1839.830786
19	11	2445.833346
19	12	2374.313892
19	13	1992.011012
19	14	1883.109458
19	15	1801.624063
20	11	2475.439701
20	12	2513.534341
20	13	1967.566566
20	14	1892.635473
20	15	1817.540061
21	11	2445.196055
21	12	2407.117366
21	13	2008.47153
21	14	2007.258854
21	15	1893.042054
22	11	2459.928426
22	12	2433.180386
22	13	1989.609783
22	14	1888.479578
22	15	1826.964321
23	11	2444.300345
23	12	2408.142643
23	13	1948.734874
23	14	1901.294951
23	15	1813.630652
24	11	2398.964109
24	12	2357.246067
24	13	1957.499228
24	14	1864.54007
24	15	1897.058016
25	11	2448.450473
25	12	2359.618203
25	13	1960.495766
25	14	1930.832395
25	15	1828.425285
26	11	2282.447078
26	12	2314.367344
26	13	1918.757242
26	14	2061.360661
26	15	1784.321161
27	11	2097.17824
27	12	2143.592698
27	13	1792.324451
27	14	1691.032515
27	15	1694.945949
28	11	2459.62101
28	12	1052.482844
28	13	1540.520306
28	14	1385.682554
28	15	1332.464573
29	11	1066.132415
29	12	1043.71335
29	13	1274.496205
29	14	1179.891923
29	15	1180.571362
30	11	1032.936883
30	12	1041.098023
30	13	1094.817035
30	14	1081.14438
30	15	973.215858
31	11	1049.415716
31	12	1034.002524
31	13	999.038987
31	14	964.171601
31	15	893.769691
32	11	1039.116467
32	12	1028.291783
32	13	975.760052
32	14	952.429215
32	15	857.084866
33	11	1050.048691
33	12	1033.176346
33	13	938.767177
33	14	891.730258
33	15	878.584798
34	11	1062.939803
34	12	1032.135973
34	13	948.222432
34	14	914.372445
34	15	890.070035
35	11	1047.563777
35	12	1026.062855
35	13	919.859449
35	14	891.129188
35	15	881.296676
36	11	1032.169394
36	12	1029.403054
36	13	921.687205
36	14	896.217562
36	15	866.796204
37	11	1032.161944
37	12	1035.704235
37	13	926.975448
37	14	899.066718
37	15	865.818686
38	11	1057.263158
38	12	1040.685775
38	13	921.256911
38	14	922.314998
38	15	894.965636
39	11	1062.999257
39	12	1029.087199
39	13	954.24815
39	14	923.883604
39	15	870.834633
40	11	1039.470654
40	12	1037.78691
40	13	941.117026
40	14	922.48431
40	15	871.442842
41	11	1042.48632
41	12	1040.292383
41	13	957.516045
41	14	927.244976
41	15	878.024875
42	11	1041.302838
42	12	1043.974113
42	13	967.22059
42	14	929.243129
42	15	874.053042
43	11	1047.888255
43	12	1049.453123
43	13	935.484217
43	14	908.468616
43	15	917.410118
44	11	1071.453426
44	12	1055.823622
44	13	958.91515
44	14	932.102634
44	15	876.668271
45	11	1052.25244
45	12	1054.420958
45	13	966.828623
45	14	936.425418
45	15	922.210282
46	11	1075.659414
46	12	1056.621086
46	13	936.207086
46	14	910.529609
46	15	878.717672
47	11	1056.395288
47	12	1056.571557
47	13	970.161054
47	14	937.030862
47	15	919.367923
48	11	1079.083378
48	12	1073.540329
48	13	947.479455
48	14	945.60566
48	15	911.32555
49	11	1057.137394
49	12	1074.997854
49	13	967.461878
49	14	948.410715
49	15	913.364245
50	11	1054.754263
50	12	1059.791375
50	13	939.021886
50	14	914.594905
50	15	881.244959
